plane u v itype x0 y0 irot nvertices vx_0 vy_0 vx_1 vy_1 vx_2 vy_2 vx_3 vy_3 vx_4 vy_4 vx_5 vy_5 vx_6 vy_6 icassette_0 icassette_1 trigRate trigLinks dataRate_ld dataLinks_ld dataRate_hd dataLinks_hd MB wagon isEngine nROCs power mrot phi HDorLD hash hash_hdld dataPp0 trigPp0 dataPp0_type trigPp0_type WagonName isDepDCDC
33 1 3 FIe -83.720 435.020 2 6 -83.700 338.400 0.000 386.700 0.000 483.400 -83.700 531.700 -167.400 483.400 -167.400 386.700 -83.700 338.400 1 1 0.934 2.000 0.937 1.000 0.941 1.000 7 0 False 6 7.200 0 100.893 1 3301030 3301031 33300.000 33310.000 A A "" "F"
33 1 4 FI -167.440 580.030 2 6 -167.400 483.400 -83.700 531.700 -83.700 628.400 -167.400 676.700 -251.200 628.400 -251.200 531.700 -167.400 483.400 1 1 0.801 2.000 0.678 1.000 0.682 1.000 7 0 False 6 7.200 0 106.102 1 3301040 3301041 33300.000 33310.000 A A "" "F"
33 1 5 FI -251.160 725.040 2 6 -251.200 628.400 -167.400 676.700 -167.400 773.400 -251.200 821.700 -334.900 773.400 -334.900 676.700 -251.200 628.400 1 1 0.731 2.000 0.488 1.000 0.487 1.000 7 0 True 6 7.200 0 109.107 1 3301050 3301051 33300.000 33310.000 A A "" "F"
33 1 6 FO -334.880 870.050 5 6 -334.900 773.400 -251.200 821.700 -251.200 918.400 -334.900 966.700 -418.600 918.400 -418.600 821.700 -334.900 773.400 1 1 0.701 2.000 0.266 1.000 0.255 1.000 17 1 False 3 3.600 0 111.052 0 3301060 3301060 33300.000 33310.000 A A "" "F"
33 1 7 FO -418.600 1015.060 5 6 -418.600 918.400 -334.900 966.700 -334.900 1063.400 -418.600 1111.700 -502.300 1063.400 -502.300 966.700 -418.600 918.400 1 1 0.677 2.000 0.242 1.000 0.237 1.000 17 1 False 3 3.600 0 112.411 0 3301070 3301070 33300.000 33310.000 A A "" "F"
33 1 8 FO -502.320 1160.060 5 6 -502.300 1063.400 -418.600 1111.700 -418.600 1208.400 -502.300 1256.700 -586.000 1208.400 -586.000 1111.700 -502.300 1063.400 1 1 0.668 2.000 0.232 1.000 0.229 1.000 17 1 False 3 3.600 0 113.413 0 3301080 3301080 33300.000 33310.000 A A "" "F"
33 1 9 FO -586.040 1305.070 5 6 -586.000 1208.400 -502.300 1256.700 -502.300 1353.400 -586.000 1401.700 -669.800 1353.400 -669.800 1256.700 -586.000 1208.400 1 1 0.658 2.000 0.226 1.000 0.225 1.000 17 0 True 3 3.600 0 114.182 0 3301090 3301090 33300.000 33310.000 A A "" "F"
33 1 10 FOe -669.760 1450.080 5 6 -669.800 1353.400 -586.000 1401.700 -586.000 1498.400 -669.800 1546.800 -753.500 1498.400 -753.500 1401.700 -669.800 1353.400 1 1 0.655 2.000 0.223 1.000 0.222 1.000 17 0 False 3 3.600 0 114.791 0 3301100 3301100 33300.000 33310.000 A A "" "F"
33 1 11 FOe -753.480 1595.090 5 6 -753.500 1498.400 -669.800 1546.800 -669.800 1643.400 -753.500 1691.800 -837.200 1643.400 -837.200 1546.800 -753.500 1498.400 1 1 0.648 2.000 0.218 1.000 0.218 1.000 17 0 False 3 3.600 0 115.285 0 3301110 3301110 33300.000 33310.000 A A "" "F"
33 2 0 aIe 334.880 0.000 3 4 353.300 86.100 353.300 -86.100 418.600 -48.300 418.600 48.300 353.300 86.100 0.000 0.000 0.000 0.000 0 0 0.868 1.000 0.609 1.000 0.609 1.000 0 0 False 6 7.200 0 0.000 1 3302000 3302001 33000.000 33010.000 A A "" "F"
33 2 2 aIe 167.440 290.020 4 4 102.100 349.000 251.200 262.900 251.200 338.400 167.400 386.700 102.100 349.000 0.000 0.000 0.000 0.000 1 0 0.992 2.000 0.783 1.000 0.783 1.000 1 0 False 6 7.200 0 60.000 1 3302020 3302021 33200.000 33210.000 A A "" "F"
33 2 3 FIe 83.720 435.020 1 6 83.700 338.400 167.400 386.700 167.400 483.400 83.700 531.700 0.000 483.400 0.000 386.700 83.700 338.400 1 0 0.921 2.000 0.954 1.000 0.958 1.000 1 0 False 6 7.200 0 79.107 1 3302030 3302031 33200.000 33210.000 A A "" "F"
33 2 4 FI 0.000 580.030 2 6 0.000 483.400 83.700 531.700 83.700 628.400 0.000 676.700 -83.700 628.400 -83.700 531.700 0.000 483.400 1 1 0.793 2.000 0.701 1.000 0.704 1.000 5 0 False 6 7.200 0 90.000 1 3302040 3302041 33300.000 33310.000 A A "" "F"
33 2 5 FI -83.720 725.040 2 6 -83.700 628.400 0.000 676.700 0.000 773.400 -83.700 821.700 -167.400 773.400 -167.400 676.700 -83.700 628.400 1 1 0.743 2.000 0.513 1.000 0.512 1.000 5 0 True 6 7.200 0 96.587 1 3302050 3302051 33300.000 33310.000 A A "" "F"
33 2 6 FO -167.440 870.050 5 6 -167.400 773.400 -83.700 821.700 -83.700 918.400 -167.400 966.700 -251.200 918.400 -251.200 821.700 -167.400 773.400 1 1 0.699 2.000 0.273 1.000 0.260 1.000 15 1 False 3 3.600 0 100.893 0 3302060 3302060 33300.000 33310.000 A A "" "F"
33 2 7 FO -251.160 1015.060 5 6 -251.200 918.400 -167.400 966.700 -167.400 1063.400 -251.200 1111.700 -334.900 1063.400 -334.900 966.700 -251.200 918.400 1 1 0.674 2.000 0.247 1.000 0.240 1.000 15 1 False 3 3.600 0 103.898 0 3302070 3302070 33300.000 33310.000 A A "" "F"
33 2 8 FO -334.880 1160.060 5 6 -334.900 1063.400 -251.200 1111.700 -251.200 1208.400 -334.900 1256.700 -418.600 1208.400 -418.600 1111.700 -334.900 1063.400 1 1 0.667 2.000 0.234 1.000 0.231 1.000 15 1 False 3 3.600 0 106.102 0 3302080 3302080 33300.000 33310.000 A A "" "F"
33 2 9 FO -418.600 1305.070 5 6 -418.600 1208.400 -334.900 1256.700 -334.900 1353.400 -418.600 1401.700 -502.300 1353.400 -502.300 1256.700 -418.600 1208.400 1 1 0.663 2.000 0.228 1.000 0.226 1.000 15 0 True 3 3.600 0 107.784 0 3302090 3302090 33300.000 33310.000 A A "" "F"
33 2 10 FO -502.320 1450.080 5 6 -502.300 1353.400 -418.600 1401.700 -418.600 1498.400 -502.300 1546.800 -586.000 1498.400 -586.000 1401.700 -502.300 1353.400 1 1 0.655 2.000 0.223 1.000 0.223 1.000 15 0 False 3 3.600 0 109.107 0 3302100 3302100 33300.000 33310.000 A A "" "F"
33 2 11 FO -586.040 1595.090 5 6 -586.000 1498.400 -502.300 1546.800 -502.300 1643.400 -586.000 1691.800 -669.800 1643.400 -669.800 1546.800 -586.000 1498.400 1 1 0.658 2.000 0.222 1.000 0.221 1.000 15 0 False 3 3.600 0 110.173 0 3302110 3302110 33300.000 33310.000 A A "" "F"
33 2 12 aOe -669.760 1740.100 2 4 -586.000 1788.400 -753.500 1691.800 -669.800 1643.400 -586.000 1691.800 -586.000 1788.400 0.000 0.000 0.000 0.000 1 1 0.646 1.000 0.144 1.000 0.144 1.000 15 0 False 3 3.600 0 111.052 0 3302120 3302120 33300.000 33310.000 A A "" "F"
33 3 0 FI 502.320 0.000 0 6 502.300 -96.700 586.000 -48.300 586.000 48.300 502.300 96.700 418.600 48.300 418.600 -48.300 502.300 -96.700 0 0 0.962 2.000 1.011 2.000 1.012 2.000 0 0 False 6 7.200 0 0.000 1 3303000 3303001 33000.000 33010.000 A A "" "F"
33 3 1 FIe 418.600 145.010 0 6 418.600 48.300 502.300 96.700 502.300 193.300 418.600 241.700 334.900 193.300 334.900 96.700 418.600 48.300 0 0 1.013 2.000 1.067 2.000 1.071 2.000 0 0 False 6 7.200 0 19.107 1 3303010 3303011 33000.000 33010.000 A A "" "F"
33 3 2 FIe 334.880 290.020 1 6 334.900 193.300 418.600 241.700 418.600 338.400 334.900 386.700 251.200 338.400 251.200 241.700 334.900 193.300 0 1 0.959 2.000 0.993 2.000 0.994 2.000 6 0 False 6 7.200 0 40.894 1 3303020 3303021 33100.000 33110.000 A A "" "F"
33 3 3 FI 251.160 435.020 1 6 251.200 338.400 334.900 386.700 334.900 483.400 251.200 531.700 167.400 483.400 167.400 386.700 251.200 338.400 1 0 0.867 2.000 0.852 1.000 0.853 1.000 1 0 False 6 7.200 0 60.000 1 3303030 3303031 33200.000 33210.000 A A "" "F"
33 3 4 FI 167.440 580.030 1 6 167.400 483.400 251.200 531.700 251.200 628.400 167.400 676.700 83.700 628.400 83.700 531.700 167.400 483.400 1 0 0.793 2.000 0.672 1.000 0.675 1.000 3 0 False 6 7.200 0 73.898 1 3303040 3303041 33200.000 33211.000 A B "" "F"
33 3 5 FI 83.720 725.040 1 6 83.700 628.400 167.400 676.700 167.400 773.400 83.700 821.700 0.000 773.400 0.000 676.700 83.700 628.400 1 0 0.742 2.000 0.513 1.000 0.512 1.000 3 0 False 6 7.200 0 83.413 1 3303050 3303051 33200.000 33211.000 A B "" "F"
33 3 6 FO 0.000 870.050 5 6 0.000 773.400 83.700 821.700 83.700 918.400 0.000 966.700 -83.700 918.400 -83.700 821.700 0.000 773.400 1 1 0.706 2.000 0.277 1.000 0.263 1.000 26 1 False 3 3.600 0 90.000 0 3303060 3303060 33301.000 33311.000 B B "" "F"
33 3 7 FO -83.720 1015.060 5 6 -83.700 918.400 0.000 966.700 0.000 1063.400 -83.700 1111.700 -167.400 1063.400 -167.400 966.700 -83.700 918.400 1 1 0.681 2.000 0.253 1.000 0.245 1.000 26 0 True 3 3.600 0 94.715 0 3303070 3303070 33301.000 33311.000 B B "" "F"
33 3 8 FO -167.440 1160.060 5 6 -167.400 1063.400 -83.700 1111.700 -83.700 1208.400 -167.400 1256.700 -251.200 1208.400 -251.200 1111.700 -167.400 1063.400 1 1 0.673 2.000 0.237 1.000 0.233 1.000 26 0 False 3 3.600 0 98.213 0 3303080 3303080 33301.000 33311.000 B B "" "F"
33 3 9 FO -251.160 1305.070 5 6 -251.200 1208.400 -167.400 1256.700 -167.400 1353.400 -251.200 1401.700 -334.900 1353.400 -334.900 1256.700 -251.200 1208.400 1 1 0.661 2.000 0.224 1.000 0.223 1.000 27 1 False 3 3.600 0 100.893 0 3303090 3303090 33301.000 33310.000 B A "" "F"
33 3 10 FO -334.880 1450.080 5 6 -334.900 1353.400 -251.200 1401.700 -251.200 1498.400 -334.900 1546.800 -418.600 1498.400 -418.600 1401.700 -334.900 1353.400 1 1 0.658 2.000 0.223 1.000 0.222 1.000 27 1 False 3 3.600 0 103.004 0 3303100 3303100 33301.000 33310.000 B A "" "F"
33 3 11 FO -418.600 1595.090 5 6 -418.600 1498.400 -334.900 1546.800 -334.900 1643.400 -418.600 1691.800 -502.300 1643.400 -502.300 1546.800 -418.600 1498.400 1 1 0.656 2.000 0.225 1.000 0.223 1.000 27 0 True 3 3.600 0 104.705 0 3303110 3303110 33301.000 33310.000 B A "" "F"
33 3 12 FOe -502.320 1740.100 5 6 -502.300 1643.400 -418.600 1691.800 -418.600 1788.400 -502.300 1836.800 -586.000 1788.400 -586.000 1691.800 -502.300 1643.400 1 1 0.649 2.000 0.220 1.000 0.219 1.000 27 0 False 3 3.600 0 106.102 0 3303120 3303120 33301.000 33310.000 B A "" "F"
33 4 0 FI 669.760 0.000 0 6 669.800 -96.700 753.500 -48.300 753.500 48.300 669.800 96.700 586.000 48.300 586.000 -48.300 669.800 -96.700 0 0 0.808 2.000 0.709 1.000 0.713 1.000 0 0 True 6 7.200 0 0.000 1 3304000 3304001 33000.000 33010.000 A A "" "F"
33 4 1 FI 586.040 145.010 0 6 586.000 48.300 669.800 96.700 669.800 193.300 586.000 241.700 502.300 193.300 502.300 96.700 586.000 48.300 0 0 0.813 2.000 0.769 1.000 0.772 1.000 2 0 False 6 7.200 0 13.898 1 3304010 3304011 33000.000 33010.000 A A "" "F"
33 4 2 FI 502.320 290.020 1 6 502.300 193.300 586.000 241.700 586.000 338.400 502.300 386.700 418.600 338.400 418.600 241.700 502.300 193.300 0 1 0.826 2.000 0.775 1.000 0.779 1.000 4 0 False 6 7.200 0 30.000 1 3304020 3304021 33100.000 33110.000 A A "" "F"
33 4 3 FI 418.600 435.020 1 6 418.600 338.400 502.300 386.700 502.300 483.400 418.600 531.700 334.900 483.400 334.900 386.700 418.600 338.400 0 1 0.799 2.000 0.707 1.000 0.710 1.000 6 0 False 6 7.200 0 46.102 1 3304030 3304031 33100.000 33110.000 A A "" "F"
33 4 4 FI 334.880 580.030 1 6 334.900 483.400 418.600 531.700 418.600 628.400 334.900 676.700 251.200 628.400 251.200 531.700 334.900 483.400 1 0 0.767 2.000 0.597 1.000 0.598 1.000 1 0 True 6 7.200 0 60.000 1 3304040 3304041 33200.000 33210.000 A A "" "F"
33 4 5 FI 251.160 725.040 1 6 251.200 628.400 334.900 676.700 334.900 773.400 251.200 821.700 167.400 773.400 167.400 676.700 251.200 628.400 1 0 0.743 2.000 0.485 1.000 0.484 1.000 3 0 True 6 7.200 0 70.893 1 3304050 3304051 33200.000 33211.000 A B "" "F"
33 4 6 FO 167.440 870.050 1 6 167.400 773.400 251.200 821.700 251.200 918.400 167.400 966.700 83.700 918.400 83.700 821.700 167.400 773.400 1 0 0.707 2.000 0.273 1.000 0.260 1.000 13 0 False 3 3.600 0 79.107 0 3304060 3304060 33200.000 33210.000 A A "" "F"
33 4 7 FO 83.720 1015.060 5 6 83.700 918.400 167.400 966.700 167.400 1063.400 83.700 1111.700 0.000 1063.400 0.000 966.700 83.700 918.400 1 1 0.688 2.000 0.247 1.000 0.241 1.000 25 1 False 3 3.600 0 85.285 0 3304070 3304070 33300.000 33310.000 A A "" "F"
33 4 8 FO 0.000 1160.060 5 6 0.000 1063.400 83.700 1111.700 83.700 1208.400 0.000 1256.700 -83.700 1208.400 -83.700 1111.700 0.000 1063.400 1 1 0.670 2.000 0.237 1.000 0.233 1.000 25 1 False 3 3.600 0 90.000 0 3304080 3304080 33300.000 33310.000 A A "" "F"
33 4 9 FO -83.720 1305.070 5 6 -83.700 1208.400 0.000 1256.700 0.000 1353.400 -83.700 1401.700 -167.400 1353.400 -167.400 1256.700 -83.700 1208.400 1 1 0.664 2.000 0.228 1.000 0.226 1.000 25 1 False 3 3.600 0 93.670 0 3304090 3304090 33300.000 33310.000 A A "" "F"
33 4 10 FO -167.440 1450.080 5 6 -167.400 1353.400 -83.700 1401.700 -83.700 1498.400 -167.400 1546.800 -251.200 1498.400 -251.200 1401.700 -167.400 1353.400 1 1 0.658 2.000 0.226 1.000 0.224 1.000 25 0 True 3 3.600 0 96.587 0 3304100 3304100 33300.000 33310.000 A A "" "F"
33 4 11 FO -251.160 1595.090 5 6 -251.200 1498.400 -167.400 1546.800 -167.400 1643.400 -251.200 1691.800 -334.900 1643.400 -334.900 1546.800 -251.200 1498.400 1 1 0.657 2.000 0.223 1.000 0.222 1.000 25 0 False 3 3.600 0 98.948 0 3304110 3304110 33300.000 33310.000 A A "" "F"
33 4 12 FOe -334.880 1740.100 5 6 -334.900 1643.400 -251.200 1691.800 -251.200 1788.400 -334.900 1836.800 -418.600 1788.400 -418.600 1691.800 -334.900 1643.400 1 1 0.651 2.000 0.219 1.000 0.218 1.000 25 0 False 3 3.600 0 100.893 0 3304120 3304120 33300.000 33310.000 A A "" "F"
33 5 0 FO 837.200 0.000 0 6 837.200 -96.700 920.900 -48.300 920.900 48.300 837.200 96.700 753.500 48.300 753.500 -48.300 837.200 -96.700 0 0 0.742 2.000 0.343 1.000 0.313 1.000 8 0 False 3 3.600 0 0.000 0 3305000 3305000 33000.000 33010.000 A A "" "F"
33 5 1 FI 753.480 145.010 0 6 753.500 48.300 837.200 96.700 837.200 193.300 753.500 241.700 669.800 193.300 669.800 96.700 753.500 48.300 0 0 0.761 2.000 0.557 1.000 0.558 1.000 2 0 True 6 7.200 0 10.894 1 3305010 3305011 33000.000 33010.000 A A "" "F"
33 5 2 FI 669.760 290.020 0 6 669.800 193.300 753.500 241.700 753.500 338.400 669.800 386.700 586.000 338.400 586.000 241.700 669.800 193.300 0 0 0.757 2.000 0.577 1.000 0.578 1.000 2 0 False 6 7.200 0 23.414 1 3305020 3305021 33000.000 33010.000 A A "" "F"
33 5 3 FI 586.040 435.020 1 6 586.000 338.400 669.800 386.700 669.800 483.400 586.000 531.700 502.300 483.400 502.300 386.700 586.000 338.400 0 1 0.753 2.000 0.542 1.000 0.543 1.000 4 0 True 6 7.200 0 36.587 1 3305030 3305031 33100.000 33110.000 A A "" "F"
33 5 4 FI 502.320 580.030 1 6 502.300 483.400 586.000 531.700 586.000 628.400 502.300 676.700 418.600 628.400 418.600 531.700 502.300 483.400 0 1 0.745 2.000 0.488 1.000 0.487 1.000 6 0 True 6 7.200 0 49.107 1 3305040 3305041 33100.000 33110.000 A A "" "F"
33 5 5 FO 418.600 725.040 1 6 418.600 628.400 502.300 676.700 502.300 773.400 418.600 821.700 334.900 773.400 334.900 676.700 418.600 628.400 1 0 0.723 2.000 0.291 1.000 0.273 1.000 9 0 False 3 3.600 0 60.000 0 3305050 3305050 33200.000 33210.000 A A "" "F"
33 5 6 FO 334.880 870.050 1 6 334.900 773.400 418.600 821.700 418.600 918.400 334.900 966.700 251.200 918.400 251.200 821.700 334.900 773.400 1 0 0.694 2.000 0.264 1.000 0.254 1.000 11 0 False 3 3.600 0 68.948 0 3305060 3305060 33200.000 33210.000 A A "" "F"
33 5 7 FO 251.160 1015.060 1 6 251.200 918.400 334.900 966.700 334.900 1063.400 251.200 1111.700 167.400 1063.400 167.400 966.700 251.200 918.400 1 0 0.684 2.000 0.249 1.000 0.242 1.000 13 0 False 3 3.600 0 76.102 0 3305070 3305070 33200.000 33210.000 A A "" "F"
33 5 8 FO 167.440 1160.060 1 6 167.400 1063.400 251.200 1111.700 251.200 1208.400 167.400 1256.700 83.700 1208.400 83.700 1111.700 167.400 1063.400 1 0 0.671 2.000 0.237 1.000 0.233 1.000 19 0 False 3 3.600 0 81.787 0 3305080 3305080 33200.000 33210.000 A A "" "F"
33 5 9 FO 83.720 1305.070 5 6 83.700 1208.400 167.400 1256.700 167.400 1353.400 83.700 1401.700 0.000 1353.400 0.000 1256.700 83.700 1208.400 1 1 0.663 2.000 0.229 1.000 0.227 1.000 23 1 False 3 3.600 0 86.330 0 3305090 3305090 33300.000 33310.000 A A "" "F"
33 5 10 FO 0.000 1450.080 5 6 0.000 1353.400 83.700 1401.700 83.700 1498.400 0.000 1546.800 -83.700 1498.400 -83.700 1401.700 0.000 1353.400 1 1 0.658 2.000 0.223 1.000 0.222 1.000 23 1 False 3 3.600 0 90.000 0 3305100 3305100 33300.000 33310.000 A A "" "F"
33 5 11 FO -83.720 1595.090 5 6 -83.700 1498.400 0.000 1546.800 0.000 1643.400 -83.700 1691.800 -167.400 1643.400 -167.400 1546.800 -83.700 1498.400 1 1 0.658 2.000 0.222 1.000 0.221 1.000 23 0 True 3 3.600 0 93.004 0 3305110 3305110 33300.000 33310.000 A A "" "F"
33 5 12 FOe -167.440 1740.100 5 6 -167.400 1643.400 -83.700 1691.800 -83.700 1788.400 -167.400 1836.800 -251.200 1788.400 -251.200 1691.800 -167.400 1643.400 1 1 0.648 2.000 0.219 1.000 0.218 1.000 23 0 False 3 3.600 0 95.496 0 3305120 3305120 33300.000 33310.000 A A "" "F"
33 5 13 dOe -251.160 1885.100 1 5 -167.400 1836.800 -167.400 1885.100 -334.900 1885.100 -334.900 1836.800 -251.200 1788.400 -167.400 1836.800 0.000 0.000 1 1 0.646 1.000 0.144 1.000 0.144 1.000 23 0 False 2 2.400 0 97.589 0 3305130 3305130 33300.000 33310.000 A A "" "F"
33 6 0 FO 1004.640 0.000 0 6 1004.600 -96.700 1088.400 -48.300 1088.400 48.300 1004.600 96.700 920.900 48.300 920.900 -48.300 1004.600 -96.700 0 0 0.701 2.000 0.265 1.000 0.254 1.000 8 0 False 3 3.600 0 0.000 0 3306000 3306000 33000.000 33010.000 A A "" "F"
33 6 1 FO 920.920 145.010 0 6 920.900 48.300 1004.600 96.700 1004.600 193.300 920.900 241.700 837.200 193.300 837.200 96.700 920.900 48.300 0 0 0.703 2.000 0.286 1.000 0.269 1.000 10 0 False 3 3.600 0 8.948 0 3306010 3306010 33000.000 33010.000 A A "" "F"
33 6 2 FO 837.200 290.020 0 6 837.200 193.300 920.900 241.700 920.900 338.400 837.200 386.700 753.500 338.400 753.500 241.700 837.200 193.300 0 0 0.730 2.000 0.294 1.000 0.275 1.000 12 0 False 3 3.600 0 19.107 0 3306020 3306020 33000.000 33010.000 A A "" "F"
33 6 3 FO 753.480 435.020 4 6 753.500 338.400 837.200 386.700 837.200 483.400 753.500 531.700 669.800 483.400 669.800 386.700 753.500 338.400 0 1 0.723 2.000 0.293 1.000 0.274 1.000 28 1 False 3 3.600 0 30.000 0 3306030 3306030 33101.000 33111.000 B B "" "F"
33 6 4 FO 669.760 580.030 4 6 669.800 483.400 753.500 531.700 753.500 628.400 669.800 676.700 586.000 628.400 586.000 531.700 669.800 483.400 0 1 0.712 2.000 0.282 1.000 0.266 1.000 14 1 False 3 3.600 0 40.893 0 3306040 3306040 33100.000 33110.000 A A "" "F"
33 6 5 FO 586.040 725.040 4 6 586.000 628.400 669.800 676.700 669.800 773.400 586.000 821.700 502.300 773.400 502.300 676.700 586.000 628.400 0 1 0.698 2.000 0.266 1.000 0.254 1.000 16 1 False 3 3.600 0 51.052 0 3306050 3306050 33100.000 33110.000 A A "" "F"
33 6 6 FO 502.320 870.050 1 6 502.300 773.400 586.000 821.700 586.000 918.400 502.300 966.700 418.600 918.400 418.600 821.700 502.300 773.400 1 0 0.685 2.000 0.251 1.000 0.244 1.000 9 0 False 3 3.600 0 60.000 0 3306060 3306060 33200.000 33210.000 A A "" "F"
33 6 7 FO 418.600 1015.060 1 6 418.600 918.400 502.300 966.700 502.300 1063.400 418.600 1111.700 334.900 1063.400 334.900 966.700 418.600 918.400 1 0 0.687 2.000 0.243 1.000 0.238 1.000 11 0 False 3 3.600 0 67.589 0 3306070 3306070 33200.000 33210.000 A A "" "F"
33 6 8 FO 334.880 1160.060 1 6 334.900 1063.400 418.600 1111.700 418.600 1208.400 334.900 1256.700 251.200 1208.400 251.200 1111.700 334.900 1063.400 1 0 0.664 2.000 0.235 1.000 0.232 1.000 13 0 True 3 3.600 0 73.898 0 3306080 3306080 33200.000 33210.000 A A "" "F"
33 6 9 FO 251.160 1305.070 1 6 251.200 1208.400 334.900 1256.700 334.900 1353.400 251.200 1401.700 167.400 1353.400 167.400 1256.700 251.200 1208.400 1 0 0.665 2.000 0.227 1.000 0.225 1.000 19 0 True 3 3.600 0 79.107 0 3306090 3306090 33200.000 33210.000 A A "" "F"
33 6 10 FO 167.440 1450.080 1 6 167.400 1353.400 251.200 1401.700 251.200 1498.400 167.400 1546.800 83.700 1498.400 83.700 1401.700 167.400 1353.400 1 0 0.659 2.000 0.225 1.000 0.223 1.000 21 0 True 3 3.600 0 83.413 0 3306100 3306100 33201.000 33210.000 B A "" "F"
33 6 11 FO 83.720 1595.090 5 6 83.700 1498.400 167.400 1546.800 167.400 1643.400 83.700 1691.800 0.000 1643.400 0.000 1546.800 83.700 1498.400 1 0 0.656 2.000 0.221 1.000 0.220 1.000 21 0 False 3 3.600 0 86.996 0 3306110 3306110 33201.000 33210.000 B A "" "F"
33 6 12 bOe 0.000 1740.100 2 5 83.700 1788.400 -83.700 1788.400 -83.700 1691.800 -0.000 1643.400 83.700 1691.800 83.700 1788.400 0.000 0.000 1 0 0.644 1.000 0.192 1.000 0.192 1.000 21 0 False 3 3.600 0 90.000 0 3306120 3306120 33201.000 33210.000 B A "" "F"
33 7 0 FO 1172.090 0.000 0 6 1172.100 -96.700 1255.800 -48.300 1255.800 48.300 1172.100 96.700 1088.400 48.300 1088.400 -48.300 1172.100 -96.700 0 0 0.671 2.000 0.242 1.000 0.237 1.000 8 0 True 3 3.600 0 0.000 0 3307000 3307000 33000.000 33010.000 A A "West3" "F"
33 7 1 FO 1088.370 145.010 0 6 1088.400 48.300 1172.100 96.700 1172.100 193.300 1088.400 241.700 1004.600 193.300 1004.600 96.700 1088.400 48.300 0 0 0.676 2.000 0.249 1.000 0.243 1.000 10 0 False 3 3.600 0 7.589 0 3307010 3307010 33000.000 33010.000 A A "" "F"
33 7 2 FO 1004.640 290.020 0 6 1004.600 193.300 1088.400 241.700 1088.400 338.400 1004.600 386.700 920.900 338.400 920.900 241.700 1004.600 193.300 0 0 0.688 2.000 0.252 1.000 0.245 1.000 12 0 False 3 3.600 0 16.102 0 3307020 3307020 33000.000 33010.000 A A "" "T"
33 7 3 FO 920.920 435.020 4 6 920.900 338.400 1004.600 386.700 1004.600 483.400 920.900 531.700 837.200 483.400 837.200 386.700 920.900 338.400 0 1 0.693 2.000 0.259 1.000 0.250 1.000 24 1 False 3 3.600 0 25.285 0 3307030 3307030 33100.000 33110.000 A A "" "F"
33 7 4 FO 837.200 580.030 4 6 837.200 483.400 920.900 531.700 920.900 628.400 837.200 676.700 753.500 628.400 753.500 531.700 837.200 483.400 0 1 0.693 2.000 0.255 1.000 0.247 1.000 28 0 True 3 3.600 0 34.715 0 3307040 3307040 33101.000 33111.000 B B "" "F"
33 7 5 FO 753.480 725.040 4 6 753.500 628.400 837.200 676.700 837.200 773.400 753.500 821.700 669.800 773.400 669.800 676.700 753.500 628.400 0 1 0.681 2.000 0.250 1.000 0.243 1.000 14 1 False 3 3.600 0 43.898 0 3307050 3307050 33100.000 33110.000 A A "" "F"
33 7 6 FO 669.760 870.050 4 6 669.800 773.400 753.500 821.700 753.500 918.400 669.800 966.700 586.000 918.400 586.000 821.700 669.800 773.400 0 1 0.675 2.000 0.244 1.000 0.239 1.000 16 1 False 3 3.600 0 52.411 0 3307060 3307060 33100.000 33110.000 A A "" "F"
33 7 7 FO 586.040 1015.060 1 6 586.000 918.400 669.800 966.700 669.800 1063.400 586.000 1111.700 502.300 1063.400 502.300 966.700 586.000 918.400 1 0 0.667 2.000 0.236 1.000 0.233 1.000 9 0 True 3 3.600 0 60.000 0 3307070 3307070 33200.000 33210.000 A A "" "F"
33 7 8 FO 502.320 1160.060 1 6 502.300 1063.400 586.000 1111.700 586.000 1208.400 502.300 1256.700 418.600 1208.400 418.600 1111.700 502.300 1063.400 1 0 0.669 2.000 0.230 1.000 0.227 1.000 11 0 True 3 3.600 0 66.587 0 3307080 3307080 33200.000 33210.000 A A "" "F"
33 7 9 FO 418.600 1305.070 1 6 418.600 1208.400 502.300 1256.700 502.300 1353.400 418.600 1401.700 334.900 1353.400 334.900 1256.700 418.600 1208.400 1 0 0.661 2.000 0.229 1.000 0.227 1.000 13 1 False 3 3.600 0 72.216 0 3307090 3307090 33200.000 33210.000 A A "" "F"
33 7 10 FO 334.880 1450.080 1 6 334.900 1353.400 418.600 1401.700 418.600 1498.400 334.900 1546.800 251.200 1498.400 251.200 1401.700 334.900 1353.400 1 0 0.657 2.000 0.223 1.000 0.222 1.000 19 1 False 3 3.600 0 76.996 0 3307100 3307100 33200.000 33210.000 A A "" "F"
33 7 11 FO 251.160 1595.090 1 6 251.200 1498.400 334.900 1546.800 334.900 1643.400 251.200 1691.800 167.400 1643.400 167.400 1546.800 251.200 1498.400 1 0 0.658 2.000 0.225 1.000 0.223 1.000 21 1 False 3 3.600 0 81.052 0 3307110 3307110 33201.000 33210.000 B A "" "F"
33 7 12 FOe 167.440 1740.100 5 6 167.400 1643.400 251.200 1691.800 251.200 1788.400 167.400 1836.800 83.700 1788.400 83.700 1691.800 167.400 1643.400 1 0 0.648 2.000 0.219 1.000 0.218 1.000 21 1 False 3 3.600 0 84.504 0 3307120 3307120 33201.000 33210.000 B A "" "F"
33 8 0 FO 1339.530 0.000 0 6 1339.500 -96.700 1423.200 -48.300 1423.200 48.300 1339.500 96.700 1255.800 48.300 1255.800 -48.300 1339.500 -96.700 0 0 0.666 2.000 0.229 1.000 0.227 1.000 8 1 False 3 3.600 0 0.000 0 3308000 3308000 33000.000 33010.000 A A "East2" "F"
33 8 1 FO 1255.810 145.010 0 6 1255.800 48.300 1339.500 96.700 1339.500 193.300 1255.800 241.700 1172.100 193.300 1172.100 96.700 1255.800 48.300 0 0 0.670 2.000 0.234 1.000 0.231 1.000 10 0 True 3 3.600 0 6.587 0 3308010 3308010 33000.000 33010.000 A A "West3" "F"
33 8 2 FO 1172.090 290.020 0 6 1172.100 193.300 1255.800 241.700 1255.800 338.400 1172.100 386.700 1088.400 338.400 1088.400 241.700 1172.100 193.300 0 0 0.673 2.000 0.239 1.000 0.235 1.000 12 0 True 3 3.600 0 13.898 0 3308020 3308020 33000.000 33010.000 A A "West3" "F"
33 8 3 FO 1088.370 435.020 0 6 1088.400 338.400 1172.100 386.700 1172.100 483.400 1088.400 531.700 1004.600 483.400 1004.600 386.700 1088.400 338.400 0 0 0.674 2.000 0.240 1.000 0.235 1.000 18 0 False 3 3.600 0 21.787 0 3308030 3308030 33000.000 33010.000 A A "" "F"
33 8 4 FO 1004.640 580.030 4 6 1004.600 483.400 1088.400 531.700 1088.400 628.400 1004.600 676.700 920.900 628.400 920.900 531.700 1004.600 483.400 0 1 0.674 2.000 0.242 1.000 0.237 1.000 24 1 False 3 3.600 0 30.000 0 3308040 3308040 33100.000 33110.000 A A "" "F"
33 8 5 FO 920.920 725.040 4 6 920.900 628.400 1004.600 676.700 1004.600 773.400 920.900 821.700 837.200 773.400 837.200 676.700 920.900 628.400 0 1 0.673 2.000 0.238 1.000 0.234 1.000 28 0 False 3 3.600 0 38.213 0 3308050 3308050 33101.000 33111.000 B B "" "F"
33 8 6 FO 837.200 870.050 4 6 837.200 773.400 920.900 821.700 920.900 918.400 837.200 966.700 753.500 918.400 753.500 821.700 837.200 773.400 0 1 0.670 2.000 0.237 1.000 0.233 1.000 14 1 False 3 3.600 0 46.102 0 3308060 3308060 33100.000 33110.000 A A "" "F"
33 8 7 FO 753.480 1015.060 4 6 753.500 918.400 837.200 966.700 837.200 1063.400 753.500 1111.700 669.800 1063.400 669.800 966.700 753.500 918.400 0 1 0.666 2.000 0.230 1.000 0.228 1.000 16 1 False 3 3.600 0 53.413 0 3308070 3308070 33100.000 33110.000 A A "" "F"
33 8 8 FO 669.760 1160.060 1 6 669.800 1063.400 753.500 1111.700 753.500 1208.400 669.800 1256.700 586.000 1208.400 586.000 1111.700 669.800 1063.400 1 0 0.662 2.000 0.228 1.000 0.227 1.000 9 1 False 3 3.600 0 60.000 0 3308080 3308080 33200.000 33210.000 A A "" "F"
33 8 9 FO 586.040 1305.070 1 6 586.000 1208.400 669.800 1256.700 669.800 1353.400 586.000 1401.700 502.300 1353.400 502.300 1256.700 586.000 1208.400 1 0 0.655 2.000 0.225 1.000 0.224 1.000 11 1 False 3 3.600 0 65.818 0 3308090 3308090 33200.000 33210.000 A A "" "F"
33 8 10 FO 502.320 1450.080 1 6 502.300 1353.400 586.000 1401.700 586.000 1498.400 502.300 1546.800 418.600 1498.400 418.600 1401.700 502.300 1353.400 1 0 0.651 2.000 0.224 1.000 0.223 1.000 13 1 False 3 3.600 0 70.893 0 3308100 3308100 33200.000 33210.000 A A "" "F"
33 8 11 FO 418.600 1595.090 1 6 418.600 1498.400 502.300 1546.800 502.300 1643.400 418.600 1691.800 334.900 1643.400 334.900 1546.800 418.600 1498.400 1 0 0.655 2.000 0.223 1.000 0.222 1.000 19 1 False 3 3.600 0 75.295 0 3308110 3308110 33200.000 33210.000 A A "" "F"
33 8 12 FOe 334.880 1740.100 1 6 334.900 1643.400 418.600 1691.800 418.600 1788.400 334.900 1836.800 251.200 1788.400 251.200 1691.800 334.900 1643.400 1 0 0.654 2.000 0.219 1.000 0.219 1.000 21 1 False 3 3.600 0 79.107 0 3308120 3308120 33201.000 33210.000 B A "" "F"
33 8 13 dOe 251.160 1885.100 1 5 334.900 1836.800 334.900 1885.100 167.400 1885.100 167.400 1836.800 251.200 1788.400 334.900 1836.800 0.000 0.000 1 0 0.644 1.000 0.144 1.000 0.144 1.000 21 1 False 2 2.400 0 82.411 0 3308130 3308130 33201.000 33210.000 B A "" "F"
33 9 0 FO 1506.970 0.000 0 6 1507.000 -96.700 1590.700 -48.300 1590.700 48.300 1507.000 96.700 1423.200 48.300 1423.200 -48.300 1507.000 -96.700 0 0 0.656 2.000 0.225 1.000 0.224 1.000 8 1 False 3 3.600 0 0.000 0 3309000 3309000 33000.000 33010.000 A A "" "F"
33 9 1 FO 1423.250 145.010 0 6 1423.200 48.300 1507.000 96.700 1507.000 193.300 1423.200 241.700 1339.500 193.300 1339.500 96.700 1423.200 48.300 0 0 0.654 2.000 0.226 1.000 0.225 1.000 10 1 False 3 3.600 0 5.818 0 3309010 3309010 33000.000 33010.000 A A "East3" "F"
33 9 2 FO 1339.530 290.020 0 6 1339.500 193.300 1423.200 241.700 1423.200 338.400 1339.500 386.700 1255.800 338.400 1255.800 241.700 1339.500 193.300 0 0 0.661 2.000 0.230 1.000 0.228 1.000 12 1 False 3 3.600 0 12.216 0 3309020 3309020 33000.000 33010.000 A A "East3" "F"
33 9 3 FO 1255.810 435.020 0 6 1255.800 338.400 1339.500 386.700 1339.500 483.400 1255.800 531.700 1172.100 483.400 1172.100 386.700 1255.800 338.400 0 0 0.663 2.000 0.231 1.000 0.229 1.000 18 0 True 3 3.600 0 19.106 0 3309030 3309030 33000.000 33010.000 A A "West2" "F"
33 9 4 FO 1172.090 580.030 4 6 1172.100 483.400 1255.800 531.700 1255.800 628.400 1172.100 676.700 1088.400 628.400 1088.400 531.700 1172.100 483.400 0 1 0.669 2.000 0.231 1.000 0.228 1.000 22 1 False 3 3.600 0 26.329 0 3309040 3309040 33100.000 33110.000 A A "" "F"
33 9 5 FO 1088.370 725.040 4 6 1088.400 628.400 1172.100 676.700 1172.100 773.400 1088.400 821.700 1004.600 773.400 1004.600 676.700 1088.400 628.400 0 1 0.663 2.000 0.229 1.000 0.228 1.000 24 1 False 3 3.600 0 33.670 0 3309050 3309050 33100.000 33110.000 A A "" "F"
33 9 6 FO 1004.640 870.050 4 6 1004.600 773.400 1088.400 821.700 1088.400 918.400 1004.600 966.700 920.900 918.400 920.900 821.700 1004.600 773.400 0 1 0.660 2.000 0.229 1.000 0.227 1.000 29 1 False 3 3.600 0 40.894 0 3309060 3309060 33101.000 33110.000 B A "" "F"
33 9 7 FO 920.920 1015.060 4 6 920.900 918.400 1004.600 966.700 1004.600 1063.400 920.900 1111.700 837.200 1063.400 837.200 966.700 920.900 918.400 0 1 0.663 2.000 0.228 1.000 0.227 1.000 14 0 True 3 3.600 0 47.784 0 3309070 3309070 33100.000 33110.000 A A "" "F"
33 9 8 FO 837.200 1160.060 4 6 837.200 1063.400 920.900 1111.700 920.900 1208.400 837.200 1256.700 753.500 1208.400 753.500 1111.700 837.200 1063.400 0 1 0.660 2.000 0.224 1.000 0.223 1.000 16 0 True 3 3.600 0 54.183 0 3309080 3309080 33100.000 33110.000 A A "" "F"
33 9 9 FO 753.480 1305.070 1 6 753.500 1208.400 837.200 1256.700 837.200 1353.400 753.500 1401.700 669.800 1353.400 669.800 1256.700 753.500 1208.400 1 0 0.655 2.000 0.220 1.000 0.219 1.000 9 1 False 3 3.600 0 60.000 0 3309090 3309090 33200.000 33210.000 A A "" "F"
33 9 10 FO 669.760 1450.080 1 6 669.800 1353.400 753.500 1401.700 753.500 1498.400 669.800 1546.800 586.000 1498.400 586.000 1401.700 669.800 1353.400 1 0 0.655 2.000 0.223 1.000 0.222 1.000 11 1 False 3 3.600 0 65.209 0 3309100 3309100 33200.000 33210.000 A A "" "F"
33 9 11 FO 586.040 1595.090 1 6 586.000 1498.400 669.800 1546.800 669.800 1643.400 586.000 1691.800 502.300 1643.400 502.300 1546.800 586.000 1498.400 1 0 0.657 2.000 0.221 1.000 0.220 1.000 13 1 False 3 3.600 0 69.827 0 3309110 3309110 33200.000 33210.000 A A "" "F"
33 9 12 FOe 502.320 1740.100 1 6 502.300 1643.400 586.000 1691.800 586.000 1788.400 502.300 1836.800 418.600 1788.400 418.600 1691.800 502.300 1643.400 1 0 0.646 2.000 0.219 1.000 0.218 1.000 19 1 False 3 3.600 0 73.898 0 3309120 3309120 33200.000 33210.000 A A "" "F"
33 10 0 aOe 1674.410 0.000 5 4 1590.700 -48.300 1758.100 48.300 1674.400 96.700 1590.700 48.300 1590.700 -48.300 0.000 0.000 0.000 0.000 0 0 0.656 1.000 0.147 1.000 0.147 1.000 8 1 False 3 3.600 0 0.000 0 3310000 3310000 33000.000 33010.000 A A "" "F"
33 10 1 FO 1590.690 145.010 0 6 1590.700 48.300 1674.400 96.700 1674.400 193.300 1590.700 241.700 1507.000 193.300 1507.000 96.700 1590.700 48.300 0 0 0.658 2.000 0.224 1.000 0.223 1.000 10 1 False 3 3.600 0 5.209 0 3310010 3310010 33000.000 33010.000 A A "" "F"
33 10 2 FO 1506.970 290.020 0 6 1507.000 193.300 1590.700 241.700 1590.700 338.400 1507.000 386.700 1423.200 338.400 1423.200 241.700 1507.000 193.300 0 0 0.658 2.000 0.225 1.000 0.224 1.000 12 1 False 3 3.600 0 10.894 0 3310020 3310020 33000.000 33010.000 A A "" "F"
33 10 3 FO 1423.250 435.020 0 6 1423.200 338.400 1507.000 386.700 1507.000 483.400 1423.200 531.700 1339.500 483.400 1339.500 386.700 1423.200 338.400 0 0 0.657 2.000 0.225 1.000 0.224 1.000 18 1 False 3 3.600 0 16.996 0 3310030 3310030 33000.000 33010.000 A A "East3" "F"
33 10 4 FO 1339.530 580.030 0 6 1339.500 483.400 1423.200 531.700 1423.200 628.400 1339.500 676.700 1255.800 628.400 1255.800 531.700 1339.500 483.400 0 0 0.656 2.000 0.226 1.000 0.225 1.000 20 0 True 3 3.600 0 23.413 0 3310040 3310040 33001.000 33010.000 B A "W_Hockey" "F"
33 10 5 FO 1255.810 725.040 4 6 1255.800 628.400 1339.500 676.700 1339.500 773.400 1255.800 821.700 1172.100 773.400 1172.100 676.700 1255.800 628.400 0 1 0.661 2.000 0.227 1.000 0.226 1.000 22 1 False 3 3.600 0 30.000 0 3310050 3310050 33100.000 33110.000 A A "" "F"
33 10 6 FO 1172.090 870.050 4 6 1172.100 773.400 1255.800 821.700 1255.800 918.400 1172.100 966.700 1088.400 918.400 1088.400 821.700 1172.100 773.400 0 1 0.657 2.000 0.225 1.000 0.224 1.000 24 0 True 3 3.600 0 36.587 0 3310060 3310060 33100.000 33110.000 A A "" "F"
33 10 7 FO 1088.370 1015.060 4 6 1088.400 918.400 1172.100 966.700 1172.100 1063.400 1088.400 1111.700 1004.600 1063.400 1004.600 966.700 1088.400 918.400 0 1 0.654 2.000 0.223 1.000 0.222 1.000 29 1 False 3 3.600 0 43.004 0 3310070 3310070 33101.000 33110.000 B A "" "F"
33 10 8 FO 1004.640 1160.060 4 6 1004.600 1063.400 1088.400 1111.700 1088.400 1208.400 1004.600 1256.700 920.900 1208.400 920.900 1111.700 1004.600 1063.400 0 1 0.654 2.000 0.224 1.000 0.223 1.000 14 0 False 3 3.600 0 49.107 0 3310080 3310080 33100.000 33110.000 A A "" "F"
33 10 9 FOe 920.920 1305.070 4 6 920.900 1208.400 1004.600 1256.700 1004.600 1353.400 920.900 1401.700 837.200 1353.400 837.200 1256.700 920.900 1208.400 0 1 0.653 2.000 0.220 1.000 0.220 1.000 16 0 False 3 3.600 0 54.791 0 3310090 3310090 33100.000 33110.000 A A "" "F"
33 10 10 aOe 837.200 1450.080 0 4 837.200 1353.400 837.200 1546.800 753.500 1498.400 753.500 1401.700 837.200 1353.400 0.000 0.000 0.000 0.000 1 0 0.648 1.000 0.147 1.000 0.147 1.000 9 1 False 3 3.600 0 60.000 0 3310100 3310100 33200.000 33210.000 A A "" "F"
33 10 11 FOe 753.480 1595.090 1 6 753.500 1498.400 837.200 1546.800 837.200 1643.400 753.500 1691.800 669.800 1643.400 669.800 1546.800 753.500 1498.400 1 0 0.649 2.000 0.218 1.000 0.218 1.000 11 1 False 3 3.600 0 64.715 0 3310110 3310110 33200.000 33210.000 A A "" "F"
33 10 12 aOe 669.760 1740.100 1 4 753.500 1691.800 586.000 1788.400 586.000 1691.800 669.800 1643.400 753.500 1691.800 0.000 0.000 0.000 0.000 1 0 0.644 1.000 0.144 1.000 0.144 1.000 13 1 False 3 3.600 0 68.948 0 3310120 3310120 33200.000 33210.000 A A "" "F"
33 11 1 FOe 1758.130 145.010 0 6 1758.100 48.300 1841.800 96.700 1841.800 193.300 1758.100 241.700 1674.400 193.300 1674.400 96.700 1758.100 48.300 0 0 0.653 2.000 0.221 1.000 0.220 1.000 10 1 False 3 3.600 0 4.715 0 3311010 3311010 33000.000 33010.000 A A "" "F"
33 11 2 FO 1674.410 290.020 0 6 1674.400 193.300 1758.100 241.700 1758.100 338.400 1674.400 386.700 1590.700 338.400 1590.700 241.700 1674.400 193.300 0 0 0.656 2.000 0.224 1.000 0.223 1.000 12 1 False 3 3.600 0 9.827 0 3311020 3311020 33000.000 33010.000 A A "" "F"
33 11 3 FO 1590.690 435.020 0 6 1590.700 338.400 1674.400 386.700 1674.400 483.400 1590.700 531.700 1507.000 483.400 1507.000 386.700 1590.700 338.400 0 0 0.656 2.000 0.223 1.000 0.222 1.000 18 1 False 3 3.600 0 15.295 0 3311030 3311030 33000.000 33010.000 A A "" "F"
33 11 4 FO 1506.970 580.030 0 6 1507.000 483.400 1590.700 531.700 1590.700 628.400 1507.000 676.700 1423.200 628.400 1423.200 531.700 1507.000 483.400 0 0 0.657 2.000 0.224 1.000 0.223 1.000 20 1 False 3 3.600 0 21.052 0 3311040 3311040 33001.000 33010.000 B A "E_Triangle" "F"
33 11 5 FO 1423.250 725.040 4 6 1423.200 628.400 1507.000 676.700 1507.000 773.400 1423.200 821.700 1339.500 773.400 1339.500 676.700 1423.200 628.400 0 0 0.657 2.000 0.221 1.000 0.220 1.000 20 0 False 3 3.600 0 26.995 0 3311050 3311050 33001.000 33010.000 B A "" "F"
33 11 6 FO 1339.530 870.050 4 6 1339.500 773.400 1423.200 821.700 1423.200 918.400 1339.500 966.700 1255.800 918.400 1255.800 821.700 1339.500 773.400 0 1 0.655 2.000 0.223 1.000 0.222 1.000 22 0 True 3 3.600 0 33.004 0 3311060 3311060 33100.000 33110.000 A A "" "F"
33 11 7 FO 1255.810 1015.060 4 6 1255.800 918.400 1339.500 966.700 1339.500 1063.400 1255.800 1111.700 1172.100 1063.400 1172.100 966.700 1255.800 918.400 0 1 0.652 2.000 0.223 1.000 0.222 1.000 24 0 False 3 3.600 0 38.948 0 3311070 3311070 33100.000 33110.000 A A "" "F"
33 11 8 FO 1172.090 1160.060 4 6 1172.100 1063.400 1255.800 1111.700 1255.800 1208.400 1172.100 1256.700 1088.400 1208.400 1088.400 1111.700 1172.100 1063.400 0 1 0.656 2.000 0.222 1.000 0.221 1.000 29 0 True 3 3.600 0 44.704 0 3311080 3311080 33101.000 33110.000 B A "" "F"
33 11 9 FO 1088.370 1305.070 4 6 1088.400 1208.400 1172.100 1256.700 1172.100 1353.400 1088.400 1401.700 1004.600 1353.400 1004.600 1256.700 1088.400 1208.400 0 1 0.656 2.000 0.222 1.000 0.221 1.000 14 0 False 3 3.600 0 50.173 0 3311090 3311090 33100.000 33110.000 A A "" "F"
33 11 10 FOe 1004.640 1450.080 4 6 1004.600 1353.400 1088.400 1401.700 1088.400 1498.400 1004.600 1546.800 920.900 1498.400 920.900 1401.700 1004.600 1353.400 0 1 0.645 2.000 0.218 1.000 0.218 1.000 16 0 False 3 3.600 0 55.285 0 3311100 3311100 33100.000 33110.000 A A "" "F"
33 12 2 aOe 1841.850 290.020 0 4 1841.800 193.300 1841.800 386.700 1758.100 338.400 1758.100 241.700 1841.800 193.300 0.000 0.000 0.000 0.000 0 0 0.651 1.000 0.147 1.000 0.147 1.000 12 1 False 3 3.600 0 8.948 0 3312020 3312020 33000.000 33010.000 A A "" "F"
33 12 3 FOe 1758.130 435.020 0 6 1758.100 338.300 1841.900 386.700 1841.900 483.400 1758.100 531.700 1674.400 483.400 1674.400 386.700 1758.100 338.300 0 0 0.649 2.000 0.223 1.000 0.222 1.000 18 1 False 3 3.600 0 13.898 0 3312030 3312030 33000.000 33010.000 A A "" "F"
33 12 4 FOe 1674.410 580.030 0 6 1674.400 483.400 1758.100 531.700 1758.100 628.400 1674.400 676.700 1590.700 628.400 1590.700 531.700 1674.400 483.400 0 0 0.658 2.000 0.221 1.000 0.220 1.000 20 1 False 3 3.600 0 19.107 0 3312040 3312040 33001.000 33010.000 B A "" "F"
33 12 5 FOe 1590.690 725.040 4 6 1590.700 628.400 1674.400 676.700 1674.400 773.400 1590.700 821.700 1507.000 773.400 1507.000 676.700 1590.700 628.400 0 0 0.652 2.000 0.218 1.000 0.218 1.000 20 1 False 3 3.600 0 24.504 0 3312050 3312050 33001.000 33010.000 B A "" "F"
33 12 6 bOe 1506.970 870.050 1 5 1590.700 821.700 1507.000 966.700 1423.200 918.400 1423.200 821.700 1507.000 773.400 1590.700 821.700 0.000 0.000 0 0 0.649 1.000 0.194 1.000 0.194 1.000 20 0 False 3 3.600 0 30.000 0 3312060 3312060 33001.000 33010.000 B A "" "F"
33 12 7 FOe 1423.250 1015.060 4 6 1423.200 918.400 1507.000 966.700 1507.000 1063.400 1423.200 1111.700 1339.500 1063.400 1339.500 966.700 1423.200 918.400 0 1 0.659 2.000 0.221 1.000 0.221 1.000 22 0 False 3 3.600 0 35.496 0 3312070 3312070 33100.000 33110.000 A A "" "F"
33 12 8 FOe 1339.530 1160.060 4 6 1339.500 1063.400 1423.200 1111.700 1423.200 1208.400 1339.500 1256.700 1255.800 1208.400 1255.800 1111.700 1339.500 1063.400 0 1 0.654 2.000 0.222 1.000 0.221 1.000 24 0 False 3 3.600 0 40.893 0 3312080 3312080 33100.000 33110.000 A A "" "F"
33 12 9 FOe 1255.810 1305.070 4 6 1255.800 1208.400 1339.500 1256.700 1339.500 1353.400 1255.800 1401.700 1172.100 1353.400 1172.100 1256.700 1255.800 1208.400 0 1 0.650 2.000 0.219 1.000 0.218 1.000 29 0 False 3 3.600 0 46.102 0 3312090 3312090 33101.000 33110.000 B A "" "F"
33 12 10 aOe 1172.090 1450.080 1 4 1255.800 1401.700 1088.400 1498.400 1088.400 1401.700 1172.100 1353.400 1255.800 1401.700 0.000 0.000 0.000 0.000 0 1 0.646 1.000 0.144 1.000 0.144 1.000 14 0 False 3 3.600 0 51.052 0 3312100 3312100 33100.000 33110.000 A A "" "F"
33 13 5 dOe 1758.130 725.040 0 5 1758.100 628.400 1800.000 652.500 1716.300 797.500 1674.400 773.400 1674.400 676.700 1758.100 628.400 0.000 0.000 0 0 0.642 1.000 0.144 1.000 0.144 1.000 20 1 False 2 2.400 0 22.411 0 3313050 3313050 33001.000 33010.000 B A "" "F"
33 13 8 dOe 1506.970 1160.060 0 5 1507.000 1063.400 1548.800 1087.600 1465.100 1232.600 1423.200 1208.400 1423.200 1111.700 1507.000 1063.400 0.000 0.000 0 1 0.643 1.000 0.144 1.000 0.144 1.000 22 0 False 2 2.400 0 37.589 0 3313080 3313080 33100.000 33110.000 A A "" "F"
